PERMX
1.374724
14.507014
14.576493
1.477484
1.259436
1.235272
1.318793
14.775143
14.388933
12.768695
1.108513
0.935057
1.057556
0.823685
0.922839
0.923669
1.155005
1.256077
1.145675
1.410513
19.676122
32.613029
26.292986
17.972490
14.194013
42.873202
36.234592
13.903118
17.585635
1.324363
14.038641
12.805666
0.919354
1.276659
16.243801
14.395027
18.256713
1.742124
20.735780
13.091145
1.250741
16.645341
14.166545
17.498033
1.452262
1.365213
1.324779
12.719096
19.573450
1.134537
0.887550
0.808547
0.944119
1.009810
1.185493
1.099770
1.032048
1.034820
1.472405
18.024903
18.330946
37.081074
16.217919
16.283141
25.941268
40.811537
35.112383
1.133342
1.161329
13.408676
16.654463
15.577083
0.874202
1.139061
12.399644
13.752248
1.777749
1.764993
16.535432
15.427686
1.566255
1.370304
16.634106
12.194993
1.174365
1.370364
1.505119
1.337494
13.058563
13.360274
0.699679
0.741883
0.771941
0.953454
0.898753
1.383992
0.985460
0.967049
1.263610
16.308128
18.707743
35.022249
14.301777
27.574310
24.370956
38.106169
24.482937
1.280506
0.998889
12.146525
15.930003
1.062649
0.791791
0.863910
13.368540
15.177129
2.142902
2.001450
1.300873
13.975817
1.443838
1.559501
14.389312
10.650659
10.947403
1.389441
1.529018
1.135227
10.606573
9.613343
0.737344
0.639776
0.661364
0.751077
0.715348
0.775566
0.824301
0.836436
1.003607
12.428837
15.193622
19.565808
32.859243
16.306425
31.043295
25.344575
18.167540
15.174222
0.890757
10.762138
15.352802
0.863044
0.904023
1.050558
15.062341
17.039825
1.626372
1.687325
1.550787
17.964421
1.320661
1.563163
1.223731
12.669157
10.239415
1.151115
1.257615
0.988399
13.893964
11.323695
10.615504
0.658381
0.685985
0.554057
0.481765
0.592420
0.803963
0.946478
0.815491
8.470930
19.982216
33.835142
13.283390
14.906056
28.773517
14.262430
16.370285
16.937575
0.721363
11.945639
9.930854
0.826105
0.953972
16.150097
18.961735
17.730083
1.333187
1.796414
1.578219
1.593912
1.290627
1.034495
1.127366
14.595489
15.754671
1.344623
1.512323
1.386067
1.033677
14.754258
12.485421
10.602081
0.756951
0.600372
0.459562
0.636221
0.729184
0.693238
0.701694
21.518959
20.809143
24.363699
17.250860
12.674949
16.168405
15.726464
11.614081
12.659277
15.110950
10.733429
11.542874
0.666118
0.699822
18.231254
13.944961
15.977884
1.506066
1.605945
1.843821
1.803650
1.424197
1.194639
1.004859
13.328523
14.542734
15.364122
1.818284
1.748806
1.187733
0.977457
1.010420
10.535066
10.781355
0.595034
0.593680
0.668199
0.669070
0.848104
11.575957
10.348226
22.958038
33.032867
12.871310
0.972303
14.380604
13.286475
10.803976
13.311543
26.741248
10.169456
10.751881
0.696804
0.655656
12.836454
13.954987
17.548217
1.436296
1.285261
1.490133
2.090419
1.203080
1.370704
1.206578
11.988088
16.927979
1.396788
1.918730
1.721634
1.416571
1.189675
0.789503
11.523009
11.178730
12.578094
0.578353
0.603833
0.648381
9.830946
8.118516
12.205691
11.013956
11.532111
21.531818
0.651375
17.684459
17.658302
14.656260
10.712550
0.708330
9.043960
12.620286
0.706166
0.841547
12.773862
14.622151
1.322845
1.651139
1.571949
1.565317
1.774854
1.333322
1.900663
1.769248
11.077668
14.389487
1.511962
1.538827
1.715034
1.363502
0.945219
0.849158
11.996160
10.186737
0.531288
0.538152
0.450615
12.871342
11.354613
13.668804
0.945011
0.817461
21.567476
22.170849
11.701246
0.813962
14.030600
25.990419
11.237011
11.115525
9.366331
10.146800
0.629821
1.033524
15.685846
14.047561
1.459939
2.015078
1.321353
14.216310
18.004187
1.545360
1.422559
13.930337
10.259238
1.526692
1.476917
0.980836
1.245279
0.983742
0.836088
0.789653
11.210381
12.940838
13.116860
0.446183
11.887879
12.872863
12.836470
0.748819
0.703364
0.677434
18.010409
20.912321
16.699317
13.373241
12.016325
24.668064
12.544434
9.780920
13.179529
17.214823
0.751794
0.826634
15.657977
16.080143
1.161121
1.429643
10.504871
12.552310
11.842936
1.227232
12.075314
14.222059
9.451916
1.405243
1.171381
1.012709
0.819391
0.764914
0.657935
0.645189
10.431101
14.161960
11.617014
0.477741
11.768096
12.186922
0.558829
0.661793
0.716036
0.685828
23.382725
19.632994
10.299111
0.810497
11.394399
26.108875
13.423537
10.468244
14.424974
14.140806
0.693035
0.917762
14.692226
15.140808
11.798478
15.345114
11.858363
14.627033
1.011061
15.753673
15.106656
13.888280
1.231944
1.052811
1.009967
0.766011
0.651272
0.609809
0.564464
10.681607
10.295684
13.171951
12.310870
11.234292
12.181617
13.608700
0.774409
0.696390
0.663748
0.755566
24.266171
25.195052
10.834610
0.906922
16.140106
26.992177
27.523095
0.663991
13.253506
14.938418
1.057042
1.030444
1.224426
30.272514
31.116016
13.620138
0.778358
1.152867
1.197311
17.987501
15.225549
12.635575
1.145587
0.973271
0.738369
0.654001
0.542863
0.476118
9.125081
10.658191
11.055984
10.166868
0.671228
0.774063
16.662601
17.787947
0.822057
0.747974
0.600926
9.658183
13.626513
21.923482
11.561700
20.045607
27.193945
23.467732
26.264041
0.752031
10.398684
13.604125
1.370447
1.007186
27.322495
29.933172
31.747431
0.949636
0.916098
1.017751
0.860557
11.725117
1.632844
1.544687
1.374942
0.744060
0.593523
0.604387
0.668508
0.605994
11.536274
13.043478
10.303979
0.794563
1.024071
1.079037
14.593389
13.321562
0.744293
0.740979
8.866447
11.368152
11.407476
10.763609
13.898243
14.398794
23.916302
21.127910
0.805647
12.220464
12.236901
15.523110
1.191293
16.403645
14.940741
29.429214
24.792768
1.008416
1.057187
1.267378
0.878476
15.488984
1.628765
1.655387
1.107194
0.823618
0.711371
0.684486
10.329075
9.173170
10.892000
0.641372
0.910453
0.848354
1.101568
1.556603
12.214569
13.829105
18.106638
12.509947
10.871078
12.764261
0.877819
1.093603
26.767914
46.853218
30.654950
0.853145
1.041002
13.033162
15.704455
16.833134
1.157656
12.960622
15.824623
14.816181
12.465805
12.647831
1.143187
1.115088
0.995721
11.119877
1.827049
1.988167
1.080671
0.753639
0.786621
10.656014
11.244488
8.872574
0.879964
0.941065
0.941752
1.180837
1.086515
1.266156
1.195605
13.488616
14.322309
12.302511
19.344414
0.911489
1.062108
29.452589
31.024051
42.383114
26.551772
1.063046
13.116902
11.170270
14.410984
13.139804
0.918553
0.983064
13.100718
22.588236
12.167215
11.119857
1.312168
1.194583
1.024352
1.582984
1.435286
1.612737
1.081195
1.213049
14.212572
12.720268
9.924294
0.893793
0.830567
1.073876
0.998581
1.075187
1.108012
1.052639
1.110093
0.908892
21.287276
24.052799
14.777195
1.598658
18.785563
31.858100
46.739649
30.356236
1.284937
1.551157
12.848332
10.961975
15.056811
0.975079
1.073530
1.113853
14.341125
10.929491
9.637743
10.022416
1.250183
1.683353
1.445457
1.398783
1.330321
1.389817
1.254369
16.383845
13.939168
15.166864
15.112107
1.069079
1.076069
1.154258
1.473202
0.906791
0.964116
0.988291
0.887199
0.907242
29.524217
29.652217
1.304804
1.571769
28.304885
44.420141
30.295600
24.932263
1.266223
12.248560
14.600892
11.450617
14.096396
1.053445
1.262665
1.222228
19.003892
15.937162
24.853850
18.685171
2.000435
1.844381
1.861151
1.118209
1.426062
1.621541
14.731764
14.835674
11.378786
19.274559
1.071856
1.008871
1.000213
1.039815
1.017117
1.011258
0.897788
0.871764
1.216429
1.119446
13.575727
27.087286
13.523336
1.172049
40.785418
38.896749
44.485872
1.498955
17.690960
15.822013
14.575062
15.059632
1.111945
1.149131
1.763669
1.685494
1.672155
23.453927
30.184779
18.891617
1.740368
1.647671
1.456685
1.234126
1.543085
1.477433
16.533854
13.868971
11.068019
1.309552
1.356415
1.114231
0.998012
0.967481
0.997147
0.739564
0.834661
0.747467
1.339712
1.085637
15.678691
25.346098
52.055201
42.448818
25.335428
25.064841
16.771554
18.481708
15.588335
18.141045
1.229395
1.164252
1.012710
1.528935
1.129647
1.265244
1.406422
38.158893
41.325432
32.830460
1.403800
1.465103
1.606453
1.339634
1.459864
15.941428
13.902529
14.183393
1.417160
1.455353
1.224061
0.935837
0.897858
0.911585
1.224465
1.224542
1.249477
0.904996
1.009947
1.732787
23.000790
36.819833
43.239889
25.277528
15.469738
10.264403
13.079622
30.484858
15.170402
17.748268
1.408183
1.204722
1.396124
1.052447
1.064172
1.456235
15.418318
13.941171
28.037164
13.761110
1.324481
1.182798
1.226869
15.034204
1.290081
15.214035
14.844910
17.415261
1.515279
1.497371
1.284627
1.105631
0.835379
0.749058
1.265572
1.445124
1.130480
0.805305
14.131111
26.192989
23.388804
40.405577
40.976515
13.726961
1.036808
0.869878
15.195380
32.578820
30.227551
1.441862
1.427091
1.241737
1.250370
1.013983
1.322532
13.474981
19.013546
15.518039
19.682534
15.423364
1.412914
1.596776
1.739068
14.221437
1.411710
1.449551
16.801635
14.463092
1.207007
1.145312
0.952163
0.930767
0.849836
0.942581
1.078472
1.585362
1.276611
11.629191
31.983609
32.845106
12.320101
31.860816
24.405831
19.328694
0.857412
1.024978
16.094795
28.354018
18.050827
17.632216
1.641658
1.253252
1.053998
1.009285
14.008168
15.213714
15.117673
1.649469
1.973544
14.395959
17.422581
1.751866
1.510022
12.601619
13.401325
1.400920
18.493265
16.694798
1.083882
1.009640
0.849870
0.882170
0.923094
1.084943
1.237831
1.394395
1.332503
11.247644
26.106305
15.457430
27.542988
15.713312
32.355207
15.843857
1.151332
15.757577
15.075461
16.147522
16.469174
17.142448
1.699498
1.282102
1.225225
12.645946
13.414967
17.502399
1.307288
1.400354
1.772359
18.084534
19.172928
1.903037
1.498609
1.498256
10.730824
15.202790
18.211620
17.029090
15.932444
0.988052
0.897189
0.927476
0.805335
0.923203
1.047062
1.286157
1.271296
23.931035
24.005250
16.520084
15.723835
28.515606
30.568455
13.923403
1.405121
19.210150
18.031045
17.406382
18.875386
13.765917
16.930144
1.821755
16.399908
16.349818
18.143337
1.519171
1.318315
1.174165
1.403587
17.753646
17.247447
1.625798
1.368215
1.677971
16.361179
13.820522
14.159391
14.048303
15.490686
13.303802
0.995220
0.868334
0.800995
0.784449
1.115259
1.203100
12.225462
31.176634
29.916008
12.346061
13.068901
22.778731
24.486955
14.833800
1.357438
18.219532
20.809064
2.246972
12.656163
15.858031
16.555247
1.550241
17.460017
20.414098
16.135572
1.436787
1.024673
0.948919
15.003516
14.632635
16.127025
1.507600
1.134265
1.163749
1.219490
15.710236
18.246918
1.090321
10.808700
11.688968
0.656896
0.663157
0.698359
0.963596
1.168327
1.272437
14.970119
18.062558
17.709834
13.190650
13.160389
11.965309
13.716017
11.071720
1.197838
1.674491
16.866837
32.341099
12.779121
16.407442
1.498278
14.542617
15.787854
18.561483
1.255116
1.042652
0.998707
0.826225
12.688586
15.295771
18.374006
1.213606
1.127991
1.303169
1.097286
17.285416
15.355842
1.097917
17.618476
11.032072
13.839894
0.637307
0.590056
0.751633
1.028637
1.361491
19.983787
24.123194
22.330927
16.678719
27.811574
26.276222
24.766978
34.641254
0.974485
14.487441
18.338308
34.972230
15.450359
2.125469
1.863396
16.663895
11.307310
1.263157
1.092428
0.849143
0.968938
14.538063
12.168331
12.287185
12.097593
1.347977
1.126127
1.346093
18.090767
13.687373
9.716017
0.813243
0.807222
11.399704
11.723677
0.719994
0.583486
0.953393
0.933105
0.880186
1.199391
20.724113
21.652936
1.586641
40.107249
42.207581
49.611951
25.868625
10.582885
1.547997
1.919879
18.225798
21.220665
19.092511
16.101322
15.593938
15.443125
1.247121
0.823836
0.751647
11.547104
13.832978
16.255885
15.466480
1.544103
1.437486
1.213226
1.068650
12.564770
16.385731
16.014562
0.699608
0.658892
0.764429
11.076297
12.467898
0.655369
0.879897
0.817202
0.710590
0.837634
15.858843
18.733062
13.786356
16.402773
23.750698
40.931195
12.500988
11.958565
1.547622
1.921505
1.945937
15.398624
35.050320
15.587097
18.238359
1.552753
1.414773
1.040849
13.004787
10.743136
14.425022
12.376240
1.345557
1.144222
1.144418
1.320162
20.373296
12.248948
11.125720
14.330864
0.686962
0.723676
10.656180
12.553251
12.500012
0.907225
0.819846
0.866403
0.879463
1.086297
1.331873
14.914027
26.001385
11.847547
11.369778
21.096168
36.196898
11.259449
1.135334
1.368761
1.623723
1.712608
31.504560
40.003218
2.076752
1.424359
1.245359
1.098502
16.140595
12.966564
15.530895
1.419947
1.243752
1.060239
0.920849
1.107529
13.543884
12.607717
1.066071
0.807417
0.694737
0.622012
14.671464
14.052642
11.146152
0.992822
0.876957
1.218395
1.418270
1.198865
1.179844
13.367544
26.466173
29.838990
26.868856
20.869558
34.165919
14.389131
1.197486
1.413312
1.670533
12.108712
13.831530
34.037577
0.993242
0.822469
0.822238
13.238153
16.414069
18.005661
1.410263
1.445268
1.577128
1.437972
1.463731
1.108379
0.865204
0.825098
0.923836
0.849873
0.813356
0.561809
11.728408
14.802222
14.747141
0.827305
1.010812
1.093477
1.260548
1.188792
0.960678
1.080199
29.351202
30.425999
12.515517
23.524287
23.354969
11.802647
12.223345
1.440904
1.719500
10.492582
8.953909
15.045317
13.623254
11.953972
0.740217
12.989044
13.901820
1.230647
1.513545
1.762932
1.814736
1.625285
1.451873
1.186478
0.931258
0.909609
0.940373
1.093122
11.080199
12.626130
13.502593
10.079531
0.912091
0.951580
1.223667
1.399056
1.436741
1.243005
1.015205
0.904088
13.684349
44.608378
38.042443
18.558696
24.084309
32.023226
16.431246
1.336117
1.729000
12.459829
11.046388
11.043289
16.298278
12.486842
8.176834
8.779207
0.949682
1.525068
1.619687
1.982736
2.416700
2.173165
1.340951
1.124142
0.880795
0.858638
0.958310
1.153394
12.765352
13.415106
13.327135
0.819067
0.855661
0.907345
1.106918
1.333937
1.366816
1.048830
0.925319
0.784111
12.406643
27.657063
44.432808
25.555111
37.309611
33.797378
17.123449
1.857299
1.471943
14.237570
11.678892
1.223943
17.761341
11.549329
11.742565
8.617156
1.175831
1.839992
2.050253
1.851929
2.124314
2.295017
1.807906
1.471253
0.859564
0.775656
1.129748
12.412781
11.445771
11.661588
1.374652
1.013731
1.049317
0.969765
0.988385
0.916927
1.046724
0.865446
0.927646
12.760919
18.408234
30.843650
12.772965
16.026307
32.909132
33.397126
23.376371
2.115307
1.749040
14.594676
13.956145
31.097157
20.046437
27.228196
14.093334
13.321572
1.795732
2.551109
2.273173
2.015173
2.568933
2.287414
2.074266
1.466288
1.051152
1.036910
1.113826
12.561263
14.059399
14.210038
1.544509
1.339106
1.394654
1.174050
0.899029
1.026937
0.734840
0.791821
15.080815
14.879492
18.828109
16.946133
14.686835
31.595172
42.166152
28.453666
2.145473
2.150907
2.075496
1.888679
16.366406
29.092162
31.438911
12.826886
19.167098
17.564104
2.539268
3.114822
2.146020
2.793446
2.866130
2.587796
2.087692
1.728391
0.955163
1.097685
1.393348
13.806510
16.125136
1.597246
1.598638
1.613052
1.256678
1.168632
0.933014
0.880142
0.746997
0.885397
13.129170
15.582199
36.673089
20.891147
17.005715
15.356542
42.015880
34.782145
2.857565
2.560084
2.296920
1.789731
12.209229
27.768308
29.714173
13.711617
18.302457
1.686469
2.145462
2.448898
2.871133
2.739844
2.712818
2.317280
2.126622
1.625137
0.882894
0.948390
0.958404
12.285903
12.510675
1.531483
1.274248
1.303742
1.356943
0.996531
0.986226
1.028107
0.950684
17.269828
13.988922
16.457122
16.196064
17.316882
17.499070
30.007568
36.957292
18.279022
2.691313
2.657992
1.763444
12.610960
11.289259
14.651606
16.361225
23.287250
13.092001
1.507043
1.542864
1.681761
1.948875
2.154178
2.523482
2.257632
2.015601
1.849167
1.143124
0.999415
0.873949
11.879308
11.346497
1.344925
1.547529
1.516337
1.046251
0.821133
1.048514
1.263992
1.118686
15.633444
14.700644
17.168196
15.664170
15.811081
31.110187
31.797721
43.777542
18.976191
18.011102
2.121674
1.457010
11.314297
12.420185
29.024062
16.888089
27.034854
13.726029
1.177565
1.361761
1.379226
1.855020
1.976163
2.369753
1.874619
2.311899
2.093286
/
